-,-,-
-107,-46,953
-128,-83,951
-123,-37,917
-105,-37,917
-87,-35,890
-72,-15,851
-50,-31,832
-60,-123,839
-52,-125,726
-1,-117,468
46,-384,496
-19,-60,640
-50,-164,638
-156,216,1087
-359,-193,1388
-406,-105,1500
-337,-185,1472
-341,-175,1582
-240,-220,1367
-152,-80,1208
-105,-130,1113
-117,-240,980
-80,21,822
-113,-87,759
-154,-287,662
-117,-101,404
-95,-333,457
-191,-271,554
-173,-392,423
-212,-427,554
-230,-275,582
-207,-269,605
-216,-298,593
-152,-207,833
-242,-261,1062
-304,-292,1390
-310,-359,1490
-300,-392,1589
-341,-568,1468
-263,-445,1341
-230,-445,1242
-158,-259,1111
-125,-208,978
-78,11,859
-175,-44,662
-259,-400,644
-322,-199,632
-330,-316,529
-335,-177,660
-279,-347,681
-291,-177,753
-300,-291,845
-,-,-
-95,-214,927
-54,-148,833
-76,-171,929
-70,-193,863
-19,-125,761
62,-326,523
58,-312,613
-44,-177,578
-29,-105,335
-142,-218,884
-253,-113,916
-167,-142,964
-330,-283,1423
-359,-433,1421
-294,-337,1537
-335,-416,1621
-347,-464,1486
-222,-328,1285
-158,-269,1119
-64,-347,976
-87,-119,832
-48,-1,716
-169,-62,666
-146,-345,486
-82,-259,386
-132,-269,558
-128,-269,304
-138,-289,427
-207,-257,498
-119,-60,404
-117,-292,568
-80,-333,541
-207,-248,1054
-283,-400,1179
-351,-339,1552
-431,-517,1500
-333,-410,1558
-380,-625,1648
-369,-431,1388
-306,-386,1230
-216,-275,1019
-212,-121,974
-205,-214,781
-205,-175,658
-228,-363,636
-269,-332,519
-,-,-
-83,-134,955
-74,-164,957
-83,-189,957
-101,-208,968
-80,-142,859
-62,-160,912
-87,-175,863
-58,-148,837
-54,-191,792
-33,-126,693
-37,-310,638
-60,-222,615
-107,-250,507
58,-107,429
-23,-314,814
-99,-87,904
-191,-255,1341
-431,-287,1664
-421,-384,1636
-421,-343,1761
-400,-496,1595
-316,-353,1343
-197,-99,1101
-101,-220,912
-64,-205,710
-101,-171,664
-70,-242,378
-70,-271,365
-154,-242,529
-128,-273,250
-99,-232,361
-134,-42,335
-123,-119,382
-123,-218,564
-167,-242,751
-195,-464,1031
-337,-595,1388
-376,-640,1503
-429,-650,1646
-417,-759,1587
-441,-605,1533
-345,-546,1287
-259,-453,1236
-257,-244,1126
-251,-296,855
-277,-46,730
-242,-373,498
-298,-341,509
-234,-58,392
-208,-267,511
-255,-66,587
-242,-251,697
-265,-173,806
-,-,-
-121,-66,878
-138,-134,890
-113,-134,812
-89,-113,783
-80,-89,681
-66,-93,701
-134,-162,761
-113,-68,496
-13,-66,585
-111,-251,667
-95,-121,958
-152,-222,1111
-171,-341,1455
-275,-328,1464
-191,-257,1617
-333,-474,1750
-330,-138,1373
-195,-236,1363
-164,-246,1150
-103,-353,890
-140,-226,830
-132,-175,527
-95,-396,609
-169,-138,421
-119,-265,367
-95,-265,310
-80,-251,369
-154,-146,371
-60,-138,310
-166,-171,644
-117,-341,527
-123,-330,982
-322,-445,1378
-304,-566,1462
-388,-751,1644
-365,-824,1578
-328,-751,1470
-324,-687,1341
-296,-531,1218
-230,-242,1062
-207,-236,992
-253,-251,746
-212,-283,626
-253,-248,589
-250,-107,500
-197,-289,544
-242,-56,585
-187,-234,664
-238,-226,802
-263,-234,833
-,-,-
-80,-83,904
-87,-119,896
-105,-103,869
-80,-148,769
-33,-95,656
-95,-140,697
-201,-185,638
-95,-130,427
-82,-17,708
-78,-35,789
-41,-271,896
-246,-277,1390
-318,-351,1341
-166,-328,1496
-265,-505,1712
-273,-392,1486
-156,-437,1351
-146,-291,1214
-107,-279,1035
-83,-56,853
-87,-242,873
-82,-189,656
-179,-150,640
-132,-123,429
-117,-152,554
-132,-177,398
-111,-208,435
-187,-140,414
-150,-35,494
-46,-160,341
-101,-345,703
-146,-337,802
-208,-408,1074
-328,-517,1232
-357,-585,1494
-414,-796,1542
-382,-750,1449
-376,-703,1425
-375,-585,1287
-292,-351,1142
-312,-300,1083
-333,-367,980
-322,-269,617
-265,-398,623
-296,-117,443
-210,-314,542
-,-,-
-142,-91,951
-117,-29,929
-150,-83,994
-144,-15,953
-126,-89,890
-83,21,882
-101,-37,931
-111,-39,824
-87,-23,843
-154,-66,828
-132,-148,732
-50,-99,474
19,-177,611
-95,-130,650
60,-103,326
-23,-207,1050
-207,-242,1070
-138,-363,1267
-289,-515,1587
-314,-343,1529
-337,-386,1646
-371,-394,1500
-246,-236,1240
-105,-236,1091
-64,-267,882
-46,-220,771
-41,-179,617
-31,-306,578
-74,-312,552
-109,-27,457
-103,-234,501
-167,-248,453
-146,-113,394
-205,-187,560
-212,-119,433
-31,-371,578
-162,-373,792
-130,-277,1082
-384,-634,1488
-394,-603,1568
-388,-666,1541
-359,-804,1587
-326,-685,1365
-267,-535,1167
-246,-398,1160
-226,-164,949
-207,-173,781
-294,-261,705
-257,-242,578
-312,-234,494
-232,-326,537
-271,-201,556
-232,-173,634
-332,-214,755
-,-,-
-208,-119,955
-175,-128,976
-138,-85,919
-103,-78,822
109,-138,505
95,-255,695
85,-150,394
83,-417,466
-207,-138,785
-246,-56,910
-345,-378,1189
-421,-394,1558
-503,-425,1652
-369,-375,1472
-285,-449,1396
-246,-359,1175
-246,-482,1117
-255,-333,791
-283,-396,679
-263,-294,589
-230,-214,406
-236,-359,535
-242,-279,353
-193,-291,328
-199,-222,359
-142,-68,441
-62,-246,521
-158,-197,812
-289,-457,1189
-468,-521,1347
-597,-888,1480
-564,-806,1435
-511,-781,1523
-501,-697,1423
-529,-597,1371
-484,-357,1035
-398,-212,773
-414,-429,667
-363,-156,435
-306,-308,427
-300,-78,496
-324,-125,519
-330,-193,724
-376,-134,761
-,-,-
-95,-15,785
-173,-191,951
-125,-220,673
31,-121,570
-93,-269,833
-70,-208,453
-25,-148,757
-166,-398,714
-33,-189,783
-259,-421,1298
-259,-287,1179
-277,-500,1492
-277,-505,1552
-261,-529,1464
-183,-525,1236
-115,-400,1039
-130,-296,923
-121,-363,744
-148,-267,679
-195,-289,660
-158,-146,480
-154,-269,570
-203,-166,439
-175,-187,404
-175,-185,445
-154,-128,433
-132,-169,580
-214,-416,656
-263,-388,916
-421,-537,1232
-570,-675,1449
-623,-789,1558
-626,-828,1496
-578,-820,1378
-500,-648,1251
-443,-519,1115
-380,-410,917
-390,-224,832
-345,-265,572
-275,-296,501
-308,-228,582
-271,-82,539
-261,-150,697
-314,-97,675
-,-,-
-132,-185,945
-156,-164,939
-154,-189,890
-105,-140,656
-3,-205,626
-19,-226,644
-82,-207,708
-158,-246,601
-130,-33,566
-277,-380,1023
-201,-31,656
-99,-457,1298
-154,-355,1369
-208,-591,1576
-181,-529,1541
-271,-552,1628
-324,-466,1320
-248,-361,1097
-187,-281,863
-154,-302,787
-125,-210,636
-121,-226,607
-140,-160,462
-154,-195,441
-125,-208,421
-154,-224,400
-177,-148,486
-169,-93,488
-123,-140,523
-72,-203,673
-208,-435,966
-236,-466,953
-359,-740,1365
-421,-744,1365
-425,-810,1386
-511,-740,1408
-498,-593,1207
-427,-486,1109
-373,-470,1025
-380,-343,1031
-394,-353,947
-380,-363,802
-369,-306,732
-279,-287,527
-294,-210,810
-371,-121,613
-240,-175,667
-248,-222,738
-,-,-
-68,-162,974
-105,-218,933
-97,-119,945
-156,-158,982
-162,-150,921
-130,-83,880
-138,-138,919
-132,-177,808
-95,-134,751
-74,-183,667
-50,-101,615
-42,-263,458
-87,-226,654
-138,-160,558
-144,-240,789
-333,-376,1126
-392,-347,1285
-468,-560,1515
-445,-554,1519
-466,-625,1611
-480,-494,1386
-351,-500,1179
-275,-304,1025
-210,-300,779
-185,-347,757
-208,-85,708
-173,293,603
-154,554,634
-183,-53,585
-132,-62,638
-205,-95,578
-207,-134,609
-171,-154,523
-158,-125,439
-107,-140,427
-128,-66,695
-173,-347,900
-250,-382,1287
-396,-541,1597
-484,-599,1640
-390,-568,1531
-433,-537,1476
-318,-408,1212
-259,-218,1173
-322,-318,1160
-363,-208,910
-302,-166,847
-357,-263,660
-333,-541,539
-259,-191,498
-316,-386,593
-255,-181,564
-257,-167,697
-,-,-
-177,-68,935
-183,-140,914
-187,-138,951
-197,-121,927
-189,-82,845
-156,-130,777
-152,-82,855
-208,-273,683
-109,-111,564
-58,-189,511
-25,-337,654
-70,-216,630
-23,-314,925
-255,-398,1107
-253,-445,1175
-257,-576,1326
-328,-558,1617
-382,-498,1447
-324,-539,1406
-283,-474,1285
-208,-429,1078
-158,-224,925
-158,-246,810
-195,-242,806
-138,-371,650
-121,-228,634
-105,-185,574
-74,-60,449
-70,-82,457
-83,-242,404
-95,-205,478
-117,-177,498
-68,-158,515
-142,-320,785
-214,-345,1134
-435,-535,1220
-410,-644,1238
-503,-656,1505
-550,-570,1476
-505,-503,1531
-416,-533,1302
-330,-492,1189
-240,-332,998
-253,-246,748
-171,-220,775
-283,-251,632
-246,-251,480
-212,-312,652
-242,-166,626
-228,-148,617
-,-,-
-177,-27,878
-179,-113,832
-74,-101,703
33,-150,451
109,-269,453
19,-302,511
-17,-15,476
-201,-87,898
-335,-259,1068
-474,-388,1535
-556,-523,1791
-548,-599,1794
-373,-615,1587
-337,-523,1398
-250,-333,1054
-205,-195,972
-328,-375,816
-253,-89,482
-150,-277,339
-126,-210,369
-121,-169,289
-85,-359,250
-78,-140,316
-107,-25,447
-146,-218,550
-144,-359,826
-343,-462,1072
-382,-746,1445
-501,-806,1533
-515,-761,1605
-494,-802,1523
-476,-595,1390
-445,-550,1125
-347,-412,1083
-439,-335,886
-375,-160,837
-363,-183,525
-300,-150,556
-,-,-
-136,-333,896
-119,-224,720
-85,-298,761
25,-64,205
123,-324,603
-148,-269,500
-23,-33,732
-183,-193,972
-253,-185,1064
-460,-476,1619
-494,-597,1677
-388,-609,1718
-382,-642,1710
-347,-474,1318
-191,-332,953
-142,-291,876
-171,-152,662
-166,-205,605
-177,-169,406
-175,-197,416
-152,-93,253
-162,-224,292
-142,-208,234
-199,-95,363
-117,-37,205
-173,-261,798
-476,-453,1390
-541,-603,1566
-599,-101,1789
-525,-104,1660
-492,-867,1500
-408,-714,1140
-351,-505,1085
-431,-373,1015
-462,-87,816
-439,-125,677
-382,-265,447
-281,-205,486
-257,-285,476
-234,-246,558
-,-,-
-152,-58,869
-101,-111,914
-136,-158,851
-105,-119,796
-83,-208,767
-48,-146,464
85,-62,349
-42,-105,533
-87,-160,406
-208,508,1068
-347,-263,1203
-314,-589,1345
-179,-787,1742
-345,-882,1757
-238,-683,1431
-140,-560,1146
-154,-355,1154
-208,-513,857
-175,-265,638
-169,-54,541
-154,-332,523
-210,-177,435
-154,-240,347
-121,-333,296
-140,-207,300
-160,-103,332
-66,-126,455
-207,-271,615
-240,-371,1058
-550,-750,1664
-722,-863,1761
-642,-890,1636
-597,-832,1367
-462,-669,1183
-412,-580,1013
-423,-404,996
-468,-203,898
-490,-187,855
-519,-251,623
-388,-179,591
-351,-214,550
-296,-343,582
-,-,-
-128,-166,910
-117,-154,908
-142,-175,855
-109,-130,744
-56,-210,607
25,-140,455
-11,-259,587
-160,-218,679
-54,-23,505
-199,-347,1078
-279,-199,1130
-347,-462,1476
-417,-464,1710
-421,-429,1619
-345,-441,1609
-283,-478,1277
-212,-205,972
-181,-437,992
-191,-171,650
-121,351,642
-214,-283,625
-205,-46,441
-187,377,476
-210,-181,339
-115,-154,291
-123,-259,333
-23,-52,97
-52,-160,744
-328,-429,802
-263,-476,1511
-605,-832,1794
-498,-939,1671
-392,-919,1587
-416,-664,1357
-292,-425,1091
-298,-435,1046
-322,-185,855
-310,-123,845
-363,-384,662
-296,-132,613
-341,-187,541
-,-,-
-167,-60,921
-162,-140,939
-175,-210,851
-123,-117,720
-146,-154,734
-150,-156,654
-181,-240,646
-242,-271,585
-21,50,412
-60,-78,820
-119,-70,929
-187,-437,1244
-189,-484,1072
-226,-771,1734
-433,-498,1701
-474,-363,1605
-386,-357,1363
-308,-324,1236
-230,-99,1003
-205,-238,828
-123,-156,541
-123,-101,582
-171,971,548
-171,-347,408
-132,-197,419
-154,-97,355
-95,-169,291
-136,-166,361
-72,44,304
-33,-349,650
-220,-365,849
-363,-730,1283
-701,-964,1611
-742,-962,1642
-718,-871,1533
-611,-691,1402
-531,-623,1150
-404,-404,1033
-439,-462,1072
-396,-242,779
-322,-279,705
-304,-220,605
-267,-134,552
-304,-60,597
-236,-203,517
-,-,-
-158,-87,976
-179,-158,972
-205,-128,933
-177,-216,857
-115,-154,708
-103,-189,683
-83,-125,560
-119,-212,634
-199,-111,642
-162,252,712
-169,069,796
-154,-318,1009
-212,-275,1390
-212,-570,1332
-162,-669,1732
-271,-708,1683
-283,-685,1533
-187,-457,1212
-148,-314,900
-101,-183,701
-136,-224,744
-140,-78,480
-76,-52,455
-148,-119,488
-152,192,363
-103,-33,257
-101,-99,244
5,54,332
-216,-314,751
-193,-445,753
-236,-644,1037
-396,-736,1419
-457,-779,1583
-464,-871,1679
-472,-798,1521
-371,-699,1332
-318,-619,1126
-244,-533,990
-242,-375,865
-296,-195,839
-269,-121,570
-,-,-
-175,-132,988
-201,-181,962
-181,-144,873
-164,-164,748
-144,-101,619
-56,-164,521
-113,-152,541
-171,-146,435
-44,-3,435
-238,-285,892
-89,-242,783
-267,-658,1574
-408,-769,1640
-431,-796,1810
-455,-787,1722
-363,-613,1349
-220,-580,1074
-201,-423,884
-201,-148,777
-205,-335,638
-148,-230,474
-148,-154,384
-154,-152,357
-95,-142,189
-37,-175,169
-5,21,263
-15,82,228
-103,-404,845
-259,-474,1025
-357,-763,1427
-441,-933,1566
-472,-100,1619
-410,-884,1453
-337,-660,1328
-271,-732,1167
-257,-513,1121
-275,-375,1041
-251,-375,839
-285,-275,626
-222,-236,533
-218,-183,496
-191,-58,443
-212,-189,630
-,-,-
-158,-48,816
-181,-173,951
-193,-68,867
-177,-167,810
-187,-15,853
-210,580,707
-109,-246,541
-33,-197,617
-13,-283,562
-37,-337,630
-76,-263,906
-203,-365,1027
-277,-574,1214
-445,-546,1501
-468,-414,1548
-412,-464,1509
-351,-482,1361
-294,-392,1234
-226,-394,1048
-183,-263,974
-169,-142,871
-173,-373,810
-162,-207,666
-156,-15,673
-197,-263,621
-160,060,412
-132,-11,386
-160,-480,494
-99,-156,406
-171,-367,669
-125,-357,576
-197,-451,949
-279,-412,996
-296,-574,1171
-382,-564,1302
-388,-523,1208
-369,-636,1429
-386,-541,1306
-304,-601,1261
-296,-515,1359
-339,-445,1193
-267,-236,1078
-349,-279,939
-255,-375,619
-246,-41,644
-242,-330,597
-259,-177,570
-263,-37,544
-279,-185,662
-267,-60,757
-2
-,-,-
-152,-74,923
-175,-78,933
-183,-107,978
-142,-70,804
-87,-70,812
-99,-50,771
-146,-173,789
-134,-128,576
-87,-105,386
-29,27,41
-41,66,541
-328,-195,935
-396,-410,1320
-453,-685,1687
-564,-800,1861
-447,-875,1677
-289,-691,1332
-191,-640,1142
-167,-421,1005
-189,-351,912
-236,-378,816
-164,-300,617
-152,-294,609
-210,-277,552
-175,-154,416
-164,-103,390
-158,-210,335
-146,-39,320
-83,-46,271
-54,-283,394
-128,-302,740
-287,-435,1011
-417,-750,1505
-560,-845,1617
-546,-791,1617
-488,-679,1447
-375,-660,1253
-263,-544,1144
-326,-601,1128
-283,-316,1005
-259,-261,849
-289,-335,826
-285,-152,605
-232,-160,595
-265,-46,621
-222,-99,582
-,-,-
-193,-109,892
-160,-91,935
-212,-154,886
-146,-58,705
-134,-126,611
-70,-136,458
-42,-140,472
-162,-224,576
-68,-253,650
-117,-164,863
-351,-228,1158
-435,-263,1349
-527,-513,1500
-525,-621,1529
-521,-640,1582
-451,-580,1427
-373,-587,1193
-269,-384,1101
-234,-369,833
-175,-404,787
-197,-306,677
-179,-210,574
-154,-207,523
-169,-255,494
-130,-109,392
-117,-287,341
-72,-146,242
-83,-117,330
-175,-111,429
-195,-326,595
-230,-185,832
-398,-507,1041
-494,-832,1523
-599,-962,1744
-564,-880,1587
-423,-902,1363
-306,-806,1095
-216,-662,1037
-251,-527,1037
-349,-435,1130
-390,-332,917
-431,-289,900
-419,-208,699
-376,-347,529
-289,-289,400
-212,-253,539
-308,-185,482
-,-,-
-175,-171,931
-179,-130,886
-158,-148,869
-175,-117,777
-162,-121,695
-136,-60,580
-83,-232,517
-21,-126,333
-50,-87,519
-162,-140,830
-187,-232,628
-271,-478,1095
-509,-666,1679
-603,-779,1710
-439,-875,1599
-345,-705,1425
-250,-611,1148
-103,-556,1009
-181,-462,1126
-275,-244,929
-234,-533,884
-312,-335,669
-230,-349,566
-203,-277,402
-197,-316,380
-138,-56,279
-115,-291,246
-83,-80,222
-85,-95,222
-87,-337,574
-216,-269,873
-464,-773,1349
-484,-833,1490
-552,-824,1619
-435,-873,1451
-380,-769,1292
-371,-650,1314
-394,-466,1166
-396,-378,1216
-519,-371,986
-306,-339,642
-246,-306,578
-275,-304,378
-185,-359,466
-169,-232,542
-220,-232,548
-,-,-
-119,-33,808
-154,-134,886
-169,-105,777
-123,-64,679
-89,19,437
-42,-25,515
-44,-97,546
-70,-119,562
25,-298,734
-103,-417,986
-158,-457,1132
-341,-841,1578
-427,-605,1664
-417,-644,1611
-402,-669,1539
-308,-527,1218
-191,-425,935
-197,-576,824
-156,-347,750
-164,-371,708
-160,-212,562
-177,-234,564
-152,-277,486
-152,-109,375
-99,-115,292
-29,-107,261
-66,-31,291
-7,-132,322
-126,-382,751
-365,-533,1101
-392,-720,1371
-609,-884,1722
-601,-798,1513
-476,-775,1343
-470,-656,1337
-431,-558,1236
-412,-494,1029
-349,-419,917
-388,-388,933
-343,-289,605
-240,-279,607
-248,-298,503
-201,-251,582
-201,-281,671
-,-,-
-146,-76,878
-154,-103,931
-162,-99,863
-142,-64,781
-78,-58,574
9,-7,500
-29,-70,701
-13,-93,435
85,-119,673
-140,-279,937
-195,-480,1046
-330,-611,1419
-431,-664,1482
-414,-667,1669
-443,-644,1582
-359,-568,1314
-226,-574,1171
-199,-429,994
-134,-300,814
-185,-400,814
-136,-269,585
-66,-140,562
-167,-224,587
-121,-62,451
-54,-48,464
-128,-160,464
-134,-83,402
-91,-62,361
-89,-113,386
-126,-285,531
-218,-310,826
-310,-613,1242
-460,-751,1554
-552,-888,1582
-458,-824,1556
-492,-689,1431
-400,-603,1253
-371,-521,1142
-371,-529,1025
-326,-404,898
-285,-289,734
-289,-380,521
-203,-232,541
-181,-134,498
-171,-183,669
-,-,-
-216,-103,925
-224,-113,914
-212,-154,890
-195,-126,742
-93,-93,583
-99,39,447
-83,-64,507
-95,-222,488
-41,-164,705
-95,-462,986
-158,-539,785
-83,-634,1351
-421,-744,1517
-417,-625,1527
-431,-777,1552
-443,-552,1593
-382,-560,1167
-216,-564,1035
-193,-398,925
-154,-521,792
-158,-248,625
-95,-117,523
-105,-205,511
-126,-56,390
-64,-13,345
-97,-273,371
-93,-121,341
-82,-39,203
-99,-195,628
-259,-292,656
-212,-601,1148
-345,-707,1224
-412,-900,1535
-414,-802,1546
-466,-814,1496
-462,-746,1437
-447,-658,1224
-343,-542,1058
-373,-367,927
-312,-289,783
-304,-201,582
-216,-310,523
-201,-222,486
-169,-273,550
-,-,-
-187,-134,941
-171,-164,888
-113,-154,791
-99,-154,775
-103,-29,650
15,-93,291
15,-294,582
-82,-25,562
-99,-265,892
-333,-328,998
-312,-462,1187
-488,-732,1333
-382,-644,1380
-453,-662,1482
-416,-687,1482
-337,-574,1232
-263,-404,1058
-242,-447,992
-238,-345,779
-205,-375,638
-224,-333,621
-164,-250,488
-132,-212,427
-99,-218,281
-72,-208,289
-109,-54,373
-162,-128,447
-41,-201,455
-226,-435,935
-376,-650,982
-365,-830,1226
-578,-816,1576
-644,-773,1572
-568,-746,1574
-572,-634,1375
-464,-568,1117
-347,-427,939
-294,-375,804
-283,-310,593
-212,-281,474
-160,-318,533
-195,-242,546
-171,-214,548
-,-,-
-226,-136,931
-195,-138,880
-183,-148,769
-156,-91,720
-109,-148,476
68,-9,154
109,-123,349
-74,-91,500
-154,-152,742
-388,-500,1341
-535,-636,1464
-533,-808,1669
-564,-779,1695
-597,-697,1562
-443,-595,1228
-310,-550,1123
-265,-498,919
-187,-339,720
-166,-363,722
-164,-271,609
-148,-222,591
-167,-322,554
-136,-83,517
-164,-130,371
-134,-107,316
-132,-23,121
-11,-44,54
-164,-146,515
-347,-314,779
-410,-732,1378
-505,-814,1476
-527,-103,1640
-521,-941,1425
-458,-791,1414
-421,-640,1212
-447,-566,1224
-460,-541,1095
-423,-451,871
-357,-363,785
-277,-341,630
-273,-248,576
-234,-255,386
-130,-236,660
-214,-220,529
-189,-142,667
-,-,-
-193,-171,841
-183,-207,808
-162,-210,720
-95,-218,521
-13,-31,208
103,-101,216
62,-25,587
-183,-310,919
-222,-568,1164
-386,-814,1496
-531,-855,1585
-505,-757,1525
-494,-726,1574
-517,-560,1312
-347,-609,1074
-281,-490,935
-263,-396,773
-207,-488,652
-154,-244,488
-150,-195,558
-171,-273,431
-91,-189,230
-15,-89,207
-7,-123,214
-15,-87,148
-37,-285,433
-308,-375,916
-451,-695,1326
-720,-904,1892
-796,-699,1742
-697,-685,1570
-580,-599,1312
-470,-603,1130
-402,-515,976
-373,-437,792
-314,-373,572
-199,-527,685
-263,-333,558
-183,-220,462
-,-,-
5,-166,742
-119,-248,890
-128,-152,386
52,-140,587
-105,-236,707
-148,-162,638
64,-76,595
-230,-421,1218
-287,-328,1355
-339,-748,1693
-494,-744,1914
-507,-685,1640
-320,-634,1265
-226,-529,1050
-181,-416,726
-99,-466,662
-142,-283,582
-121,-164,498
-125,-218,429
-66,-123,283
-25,-123,240
-52,-187,302
-23,-99,103
35,-70,263
-113,-228,611
-283,-417,880
-464,-695,1556
-669,-865,1625
-677,-974,1748
-687,-875,1685
-640,-681,1441
-546,-580,1160
-447,-470,919
-351,-375,697
-296,-421,554
-212,-222,550
-201,-310,582
-,-,-
-166,-197,818
-128,-99,716
-9,-148,548
119,-310,330
179,-242,667
21,-228,470
0,-445,994
-326,-464,1298
-257,-462,1130
-384,-845,1656
-582,-740,1613
-460,-609,1496
-347,-734,1369
-250,-683,1023
-171,-484,878
-154,-208,701
-146,-451,687
-171,-181,470
-128,-42,447
-167,-271,396
-169,-33,324
-93,-66,265
-107,-99,228
0,-48,244
-37,-195,529
-199,-404,953
-375,-623,1156
-605,-101,1785
-640,-917,1652
-599,-988,1664
-607,-730,1533
-541,-550,1244
-417,-367,1003
-417,-361,1013
-394,-298,613
-218,-292,435
-242,-416,460
-199,-310,414
-187,-201,505
-,-,-
-5,-105,615
-101,-109,568
-7,21,195
23,-152,539
-238,-365,941
-212,-605,1314
-363,-921,1498
-464,-947,1878
-552,-871,1898
-494,-792,1554
-294,-574,1171
-162,-458,910
-101,-429,691
1,-330,476
74,-216,369
-25,-175,769
-107,-167,404
-64,-41,392
-160,-134,501
-187,-33,310
-132,152,117
-62,-1,117
-64,-162,234
-269,-494,966
-580,-751,1384
-619,-978,1851
-779,-125,2144
-105,-523,1337
-462,-580,1175
-371,-632,1105
-421,-486,982
-427,-429,777
-394,-441,648
-398,-333,556
-310,-316,482
-300,-228,541
-,-,-
-158,-136,894
-125,-169,785
-99,-193,695
-56,-70,451
46,-156,119
105,-123,351
-13,-37,683
-148,-349,849
-347,-582,1437
-439,-751,1740
-468,-939,1873
-394,-939,1734
-330,-619,1443
-248,-722,1169
-218,-453,933
-154,-230,750
-169,-460,548
-83,-240,523
-132,-103,367
-41,-242,289
-105,-99,326
-125,-171,199
-76,-89,199
29,-85,-91
-23,-128,482
-318,-406,953
-425,-851,1476
-744,-117,2050
-853,-101,1914
-728,-845,1664
-650,-638,1394
-480,-519,1123
-375,-398,908
-333,-248,750
-291,-353,541
-246,-222,394
-283,-337,623
-343,-312,447
-
-,-,-
-167,-130,886
-162,-119,845
-154,-160,746
-105,-123,539
11,-39,259
103,-195,378
5,-339,503
44,-166,564
-128,-589,923
-382,-476,1189
-515,-761,1453
-708,-822,1943
-861,-748,1892
-693,-734,1605
-525,-605,1128
-333,-406,875
-263,-564,740
-289,-406,564
-171,-236,476
-142,-228,503
-218,-253,306
-113,-117,332
-123,-99,289
-99,-109,224
-83,-62,265
-89,-50,328
-187,-289,609
-308,-378,1050
-591,-750,1693
-650,-101,1832
-687,-104,1814
-589,-863,1527
-476,-789,1208
-367,-564,1025
-365,-494,929
-398,-341,849
-343,-289,673
-,-,-
-140,-119,917
-187,-136,945
-158,-162,808
-115,-197,724
-105,-128,583
-41,-103,384
-23,-185,474
-183,-164,636
-246,-210,705
-333,-281,1011
-439,-328,1197
-404,-556,1244
-455,-695,1654
-607,-689,1830
-564,-628,1519
-390,-671,1324
-333,-564,1042
-240,-265,822
-154,-421,755
-138,-300,646
-99,-140,550
-121,-126,644
-134,-46,417
-48,-41,384
-111,-177,414
-97,-52,328
-107,507,242
-128,-199,246
-27,-158,505
-177,-496,1033
-410,-617,1425
-443,-902,1625
-453,-996,1765
-542,-884,1718
-542,-646,1486
-472,-685,1201
-369,-562,921
-292,-384,767
-322,-289,599
-220,-185,583
-269,-298,494
-220,-175,531
-,-,-
-216,-138,904
-164,-128,839
-154,-158,861
-152,-150,751
-101,-54,556
-66,-189,541
-74,-136,548
-7,17,195
74,11,550
-191,-167,984
-335,-457,1087
-294,-750,1500
-451,-773,1828
-464,-921,1888
-421,-697,1460
-277,-564,1271
-292,-472,1015
-210,-265,886
-251,-451,787
-199,-310,515
-146,-46,576
-183,-390,500
-109,-142,332
-123,-175,429
-173,-117,406
-101,-101,341
-56,-85,257
-1,-201,269
-25,-445,720
-306,-480,984
-236,-683,1226
-578,-996,1845
-695,-791,1550
-642,-744,1529
-623,-605,1478
-556,-515,1066
-427,-501,1134
-447,-439,1056
-429,-634,744
-326,-273,707
-326,-375,417
-132,-203,359
-166,-142,492
-216,-125,513
-,-,-
-205,-167,927
-216,-164,896
-189,-197,806
-162,-158,644
-144,-189,421
-11,19,236
-82,-27,634
-132,-15,345
3,-355,820
-304,-544,1210
-277,-734,1326
-335,-878,1578
-443,-900,1785
-472,-693,1578
-392,-566,1312
-312,-607,1130
-271,-542,869
-214,-455,859
-197,-335,613
-128,-417,509
-95,-179,535
-156,-261,615
-189,-183,488
-103,-60,357
-130,-121,458
-113,-29,298
50,-46,154
-17,-248,574
-113,-320,455
-154,-640,972
-478,-783,1375
-652,-968,1523
-679,-792,1595
-757,-750,1630
-666,-599,1367
-507,-623,1191
-431,-587,1085
-339,-521,878
-279,-503,673
-214,-498,572
-185,-306,478
-265,-339,546
-275,-285,517
-275,-166,550
-255,-181,632
-,-,-
-167,-154,955
-183,-123,917
-175,-78,794
-144,-89,765
-160,-76,697
-152,-113,605
-58,-27,458
-60,-39,607
-119,-41,421
-78,-171,414
-117,-371,876
-308,-482,1185
-292,-845,1386
-386,-102,1636
-425,-941,1640
-382,-705,1417
-314,-681,1333
-298,-599,968
-160,-453,810
-185,-496,873
-214,-353,664
-113,-253,556
-125,-482,572
-134,-169,480
-83,-97,468
-115,-193,367
-58,-70,392
-105,-130,353
-85,-52,292
-41,-150,386
-187,-455,703
-314,-527,982
-576,-871,1486
-716,-972,1742
-734,-833,1765
-714,-759,1556
-554,-763,1255
-392,-628,1103
-394,-605,962
-330,-468,849
-310,-361,750
-304,-263,730
-292,-363,527
-279,-322,470
-187,-314,445
-169,-199,517
-,-,-
-218,-154,923
-203,-126,906
-207,-123,873
-189,-83,763
-146,-39,654
-128,-101,513
-54,-27,236
85,-7,230
-58,-326,685
-144,-396,712
-234,-513,1019
-292,-837,1488
-414,-896,1726
-507,-837,1896
-494,-679,1529
-376,-572,1250
-271,-525,1089
-250,-478,1000
-230,-298,732
-152,-451,675
-171,-263,664
-179,-324,527
-117,-236,488
-107,-138,433
-130,-44,335
-66,41,302
-60,-39,203
-7,-9,355
-74,-300,439
-148,-601,957
-306,-583,1066
-492,-103,1689
-628,-843,1621
-597,-728,1580
-595,-626,1470
-521,-515,1281
-398,-578,1148
-425,-525,1005
-355,-400,748
-279,-363,484
-183,-230,437
-181,-189,468
-195,-263,494
-,-,-
-201,-140,929
-199,-154,935
-228,-134,890
-197,-158,806
-156,-136,697
-95,-68,445
-3,-62,404
-87,-68,597
-142,172,488
-78,-91,660
-234,-318,1121
-394,-552,1255
-167,-623,1123
-195,-833,1597
-451,-720,1712
-417,-589,1453
-322,-583,1234
-289,-476,1105
-226,-357,933
-201,-498,714
-113,-273,681
-123,-111,585
-146,-363,525
-54,-41,439
-123,-46,427
-99,-33,328
-83,-93,306
-111,-95,304
-25,-58,240
-121,-291,882
-376,-482,1136
-167,-800,1271
-359,-100,1568
-376,-937,1496
-341,-876,1490
-433,-703,1488
-451,-642,1326
-414,-632,1101
-339,-468,976
-304,-292,650
-230,-263,650
-230,-83,447
-175,-171,423
-183,-101,503
-205,-80,644
-,-,-
-132,-164,843
-140,-152,833
-166,-154,833
-187,-132,626
-11,-85,429
-62,-80,535
-21,-29,441
62,-314,513
-158,-447,1011
-287,-400,1009
-357,-564,1316
-533,-746,1710
-626,-742,1779
-636,-632,1726
-552,-595,1343
-357,-470,1044
-240,-617,845
-197,-390,632
-125,-380,488
-109,-199,517
-125,-193,363
-62,-1,312
-91,-83,410
-91,-130,302
-58,-15,244
-101,-326,667
-289,-347,550
-242,-406,1013
-576,-921,1332
-617,-792,1658
-804,-847,1648
-638,-691,1435
-513,-792,1310
-435,-705,1097
-394,-556,962
-376,-445,787
-339,-406,656
-271,-158,494
-218,-187,621
-246,-185,537
-,-,-
-144,-95,917
-195,-142,873
-189,-167,792
-105,-123,570
-66,-97,474
-66,-134,474
29,-185,478
-160,-498,1046
-259,-607,1173
-351,-718,1212
-388,-716,1390
-474,-724,1513
-494,-621,1421
-462,-628,1367
-402,-607,1136
-345,-500,1042
-236,-291,802
-205,-416,691
-130,-294,582
-121,-285,611
-162,-119,585
-78,-76,494
-66,-154,513
-111,-164,468
-95,-195,429
-107,-111,417
-138,-140,378
-167,-191,421
-267,-457,718
-390,-500,966
-570,-714,1417
-640,-710,1386
-650,-796,1486
-587,-701,1500
-640,-785,1291
-509,-685,1164
-494,-562,1054
-482,-464,945
-429,-347,775
-347,-240,626
-296,-197,603
-248,-224,525
-,-,-
-117,-130,902
-136,-148,908
-128,-109,785
-66,-121,669
-21,-132,580
-48,-87,500
33,-210,347
-87,-95,628
-117,-158,435
-253,-347,898
-306,-488,1095
-541,-757,1849
-712,-632,1845
-632,-808,1677
-515,-687,1390
-396,-650,1097
-279,-343,908
-224,-574,710
-201,-414,587
-179,-314,591
-164,-296,433
-164,-353,468
-140,-87,312
-103,-74,388
-126,-35,394
-111,-52,445
-105,-238,388
-42,-392,513
-304,-658,1158
-396,-705,1140
-501,-916,1574
-597,-787,1437
-558,-771,1388
-533,-714,1298
-523,-701,1255
-453,-529,1064
-441,-453,998
-429,-324,900
-376,-287,667
-333,-273,634
-310,-189,578
-,-,-
-169,-169,939
-199,-142,863
-189,-140,796
-130,-148,683
-54,-95,572
-101,-85,611
-121,-158,505
33,-37,332
-17,-310,785
-199,-371,894
-263,-544,1171
-402,-763,1550
-501,-728,1554
-513,-736,1537
-482,-757,1474
-384,-574,1244
-291,-466,998
-271,-572,863
-177,-355,703
-117,-216,587
-171,-390,689
-132,-152,523
-117,-173,548
-78,-195,373
-23,-164,417
-39,-195,337
21,-64,140
17,-232,468
-232,-550,669
-224,-523,1009
-582,-804,1417
-646,-685,1578
-732,-763,1603
-675,-714,1482
-578,-570,1259
-451,-617,1105
-486,-587,1072
-455,-435,863
-376,-369,757
-351,-455,609
-228,-298,525
-214,-373,535
-234,-333,613
-,-,-
-175,-117,880
-183,-169,966
-207,-105,902
-142,-105,816
-140,-60,691
-93,17,650
-89,-19,546
-3,-148,533
-52,-91,533
54,0,636
-230,-486,943
-253,-525,1048
-460,-683,1439
-449,-685,1226
-458,-705,1451
-564,-689,1578
-511,-578,1277
-451,-673,1283
-357,-515,1001
-244,-347,875
-175,-546,810
-171,-375,720
-146,-107,599
-74,-314,572
-66,-169,425
-33,-35,363
-19,-29,427
-41,-169,279
-11,-123,363
-66,-175,412
-201,-375,798
-359,-414,937
-505,-648,1402
-638,-683,1544
-626,-689,1466
-527,-765,1408
-425,-667,1244
-365,-656,1123
-314,-591,1046
-332,-451,953
-306,-343,845
-298,-246,660
-267,-238,65
-,-,-
-220,-140,953
-210,-140,890
-216,-119,908
-238,-60,849
-214,-115,796
-181,-111,757
-187,-68,703
-146,-54,587
-72,-181,533
-70,-19,480
-58,-64,412
1,-222,468
-207,-472,1080
-417,-632,1292
-421,-804,1279
-539,-847,1730
-656,-734,1808
-609,-500,1396
-388,-587,1201
-253,-511,1003
-259,-468,859
-183,-394,623
-113,-341,572
-169,-304,689
-119,-199,523
-134,-29,566
-207,-123,523
-125,-199,363
-91,-158,359
-37,-85,240
-1,-150,277
-74,-292,558
-310,-582,927
-535,-865,1607
-693,-806,1574
-593,-763,1298
-519,-722,1281
-484,-615,1222
-474,-646,1261
-410,-660,1099
-316,-531,1000
-345,-476,910
-343,-369,697
-228,-212,605
-230,-154,523
-187,-42,496
-175,-78,644
-,-,-
-169,-87,951
-181,-74,912
-171,-42,886
-160,-35,851
-125,-29,802
-101,-83,730
-82,-42,625
-113,-70,617
-166,416,365
-95,-95,564
-167,-144,576
-111,-128,916
-373,-318,1408
-316,-294,1380
-343,-482,1566
-376,-505,1705
-376,-337,1681
-349,-423,1433
-212,-318,1228
-207,-324,1171
-197,-250,869
-109,-76,562
-136,-433,607
-91,-29,294
-52,-130,457
-173,-150,542
-171,-113,416
-148,-101,468
-158,-130,441
-41,-105,164
50,-56,298
-111,-177,644
-253,-371,982
-410,-492,1507
-650,-759,1904
-133,-231,3580
-240,-189,1867
-458,-650,738
-146,-568,1326
-236,-429,1021
-201,-117,800
-246,-560,732
-226,-167,373
-179,-132,435
-269,-205,507
-,-,-
-146,-117,839
-169,-109,1009
-134,-56,759
-70,-93,730
3,-105,421
70,-89,250
-46,-83,628
-238,-72,576
46,39,585
-160,-572,1189
-128,-281,1191
-130,-673,1462
-154,-728,1556
-216,-820,1787
-242,-583,1513
-152,-492,1316
-54,-394,1119
-41,-333,882
-31,-271,833
-66,-392,613
-103,-216,662
-142,-164,531
-140,-78,447
-158,-130,525
-181,-109,515
-164,-154,398
-125,-167,470
-64,-64,259
37,-195,378
-91,-232,808
-138,-394,908
-308,-820,1576
-441,-710,1531
-494,-685,1800
-505,-623,1722
-429,-537,1550
-316,-613,1158
-222,-447,1078
-214,-275,808
-291,-464,833
-250,-11,488
-175,-246,490
-267,-279,667
-181,-158,462
-,-,-
-169,-101,914
-208,-119,826
-162,-119,771
-138,-140,755
-35,-60,316
46,-93,435
-128,-289,443
-109,-160,404
-218,-335,867
-376,-369,1185
-427,-523,1789
-468,-626,1611
-312,-796,1638
-298,-703,1505
-255,-533,1318
-183,-326,1050
-164,-453,951
-197,-361,701
-167,-210,578
-214,-421,542
-150,-150,330
-136,-273,357
-144,-140,158
-72,-41,267
-41,-210,890
-5,-3,462
-238,-447,677
-398,-492,1322
-578,-736,1826
-736,-785,1771
-968,-503,984
-480,-816,1287
-388,-693,1234
-412,-482,1019
-388,-478,931
-367,-310,632
-275,-273,521
-248,-333,519
-263,-35,404
-183,-242,654
-257,-199,662
-261,-177,732
-263,-181,750
-,-,-
-187,-115,882
-169,-13,955
-162,-72,869
-154,174,921
-175,-70,855
-56,-115,726
-72,-60,712
-13,-70,470
13,-78,505
-35,-136,435
-101,-150,656
-132,-185,707
-171,-464,1224
-363,-505,1339
-322,-533,1599
-500,-632,1796
-513,-513,1894
-431,-449,1402
-255,-544,1148
-187,-240,794
-117,-351,705
-183,-427,525
-99,-199,478
-144,-345,603
-181,-279,345
-111,-142,316
-125,-175,308
-80,-78,199
58,27,-23
-80,-310,697
-246,-494,910
-455,-664,1623
-556,-845,1583
-564,-865,1693
-513,-837,1541
-464,-728,1332
-406,-595,1197
-427,-468,1101
-410,-449,958
-347,-271,685
-250,-164,394
-220,-195,601
-292,-306,281
-230,-224,546
-300,-158,642
-341,-320,751
-,-,-
-132,172,919
-167,-119,958
-152,-21,847
-109,-27,771
-74,-48,650
76,89,107
74,-19,447
-150,-187,546
-199,-130,716
-236,-316,1177
-269,-533,1236
-273,-628,1615
-296,-625,1462
-263,-800,1585
-259,-623,1591
-314,-408,1500
-287,-638,1189
-164,-341,933
-152,552,789
-226,-277,677
-107,-144,408
-103,-87,482
-216,-371,435
-78,-130,210
-109,-236,312
-111,-76,220
44,5,-17
21,-222,654
-177,-357,552
-210,-498,1230
-562,-751,1500
-646,-728,1675
-685,-791,1785
-664,-634,1576
-576,-664,1419
-486,-421,1269
-490,-328,1046
-453,-337,716
-337,-259,582
-314,-277,400
-294,-259,445
-250,-164,355
-230,-195,597
-275,-185,664
-,-,-
-205,-171,996
-201,-134,898
-212,-228,896
-154,-60,740
-156,-214,658
-93,-111,441
-7,9,333
-21,-144,294
-21,-46,544
-248,-294,845
-333,-482,1419
-472,-716,1636
-527,-791,1642
-427,-744,1626
-394,-708,1423
-300,-580,1220
-259,-455,1089
-291,-455,1033
-275,-380,794
-257,-388,740
-240,-216,583
-150,-212,435
-148,-201,500
-183,-195,298
-105,-76,332
-85,-277,296
11,52,232
-107,-285,675
-136,-234,406
-146,-451,962
-300,-513,839
-480,-685,1443
-638,-771,1447
-699,-666,1751
-697,-687,1634
-615,-548,1494
-582,-580,1396
-468,-447,1039
-380,-306,792
-285,-353,652
-279,-300,472
-189,-150,414
-216,-271,453
-207,-164,546
-,-,-
-220,-130,941
-167,-33,728
-132,-134,794
-140,-187,707
-58,-33,328
121,-33,388
3,-87,458
-35,138,759
-210,-283,796
-296,-283,1171
-527,-679,1523
-542,-740,1507
-480,-675,1542
-462,-681,1669
-359,-611,1273
-166,-519,1064
-156,-500,1078
-205,-271,818
-177,-447,648
-101,-228,605
-158,158,650
-171,-365,496
-78,-3,292
-175,-181,623
-121,-140,351
-99,-23,298
-140,-82,402
-113,423,216
42,-144,326
-353,-587,1054
-324,-750,1189
-523,-794,1652
-157,-214,2580
-480,-171,2023
-355,-246,1023
-281,-572,1138
-257,-496,1007
-312,-306,880
-353,-212,833
-367,-105,548
-271,-275,478
-289,-392,427
-216,-318,472
-236,-214,642
-,-,-
-255,-181,976
-242,-62,927
-238,-113,964
-214,-54,869
-228,-54,896
-167,-42,732
-91,-80,734
-58,-117,685
-35,-146,662
-9,-48,574
-42,35,744
-64,-513,521
42,-205,373
29,-199,636
-357,-457,1080
-382,-441,1220
-619,-597,1746
-708,-699,1802
-570,-615,1580
-470,-632,1314
-349,-445,1060
-300,-419,900
-267,-468,835
-246,-349,666
-201,-146,601
-203,-246,521
-148,-220,523
-146,-199,423
-113,-160,398
-113,-119,394
-87,-89,423
-183,-62,666
-125,-164,525
-136,-390,880
-283,-539,826
-207,-605,998
-501,-662,1376
-542,-660,1304
-535,-613,1419
-718,-648,1585
-519,-560,1283
-470,-609,1201
-404,-458,1000
-388,-470,958
-365,-423,833
-328,-248,630
-273,-300,558
-263,-253,490
-242,-283,570
-259,-123,593
-292,-177,693
-,-,-
-162,-150,921
-173,-107,962
-208,-164,896
-89,-87,847
-123,-95,830
-109,-93,837
-132,-134,880
-158,-115,857
-121,-109,720
-74,-136,611
13,-107,232
-68,-277,558
-183,-130,478
-226,-308,916
-476,-453,1277
-531,-585,1564
-515,-695,1529
-505,-679,1660
-537,-589,1427
-406,-544,1230
-333,-353,1107
-275,-375,968
-248,-361,755
-160,-144,662
-125,-257,468
-136,-152,595
-140,-210,529
-42,-253,417
-78,-236,527
-93,-85,486
-7,-54,248
-29,-105,441
-207,-271,566
-277,-414,636
-433,-539,1416
-697,-628,1503
-593,-691,1496
-542,-779,1417
-455,-707,1244
-339,-650,1109
-306,-541,1107
-347,-324,1042
-330,-240,1007
-447,-691,1052
-455,-310,865
-443,-351,718
-396,-388,583
-306,-175,453
-322,-240,558
-310,-117,423
-230,-171,681
-,-,-
-185,-123,935
-220,-103,923
-216,-107,898
-191,-76,832
-142,-82,775
-128,-125,794
-144,-128,705
-89,-169,636
-50,-134,650
-76,-291,562
-72,-130,603
-126,-298,687
-298,-406,1169
-462,-343,1191
-464,-611,1574
-564,-533,1599
-476,-703,1521
-388,-492,1474
-394,-519,1173
-298,-351,966
-232,-435,912
-277,-302,656
-156,-207,500
-99,-373,576
-197,-189,474
-113,-68,394
-87,-150,363
-41,-87,207
-23,-169,392
-78,-222,576
-201,-257,750
-283,-437,1039
-425,-560,1380
-509,-652,1419
-507,-734,1410
-474,-732,1310
-431,-630,1253
-421,-488,1230
-437,-466,1140
-445,-410,951
-386,-296,896
-390,-253,724
-294,-271,642
-244,-259,603
-250,-253,605
-,-,-
-132,-171,919
-142,-128,916
-152,-205,945
-193,-167,945
-156,-78,839
-119,-138,767
-87,-134,714
-31,-115,566
-29,-23,568
-187,-308,769
-89,-246,337
35,-300,708
-234,-406,927
-175,-279,914
-363,-597,1500
-533,-593,1748
-533,-541,1687
-515,-605,1675
-376,-601,1259
-208,-472,966
-171,-449,822
-160,-353,644
-83,-240,537
-97,-179,570
-93,-359,541
-91,-177,404
-58,-115,302
-29,-199,341
-64,-19,375
-70,-66,316
-58,-146,484
-263,-400,1001
-410,-523,980
-478,-724,1443
-673,-732,1464
-609,-638,1248
-548,-533,1210
-570,-525,1175
-580,-482,1273
-550,-482,1246
-548,-539,1148
-458,-371,865
-392,-197,703
-351,-226,628
-242,-175,441
-238,-191,609
-306,-216,667
-,-,-
2
-216,-144,929
-216,-158,867
-154,-162,765
-95,-193,669
33,44,298
21,-154,603
-142,-330,650
-234,-292,765
-265,-306,1070
-347,-468,1015
-341,-521,1298
-310,-611,1289
-248,-718,1345
-212,-726,1232
-216,-642,1318
-355,-652,1378
-363,-488,1091
-300,-333,921
-230,-494,845
-177,-341,669
-103,-234,494
-113,-179,691
-136,-169,515
-82,-220,417
-7,-269,345
-29,-228,298
-1,-80,177
11,-134,105
-119,-199,558
-458,-609,1140
-753,-689,1513
-966,-873,1873
-818,-728,1492
-589,-755,1250
-453,-732,1099
-400,-703,1042
-425,-638,1015
-435,-476,949
-433,-402,708
-394,-376,677
-347,-177,488
-236,-236,488
-275,-265,656
-,-,-
-171,-187,957
-164,-115,908
-126,-193,857
-105,-113,826
-66,-128,730
3,-146,671
15,-142,626
44,-50,445
82,-105,439
-158,-296,728
-154,-216,320
-148,-451,625
-484,-591,1343
-681,-666,1603
-599,-148,470
-468,-589,1179
-382,-129,2158
-371,-472,1082
-210,-591,992
-187,-511,849
-166,-455,738
-121,-369,707
-177,-281,630
-138,-332,531
-125,-138,517
-171,-281,410
-117,-66,376
-160,-146,373
-70,-80,134
7,-134,427
-80,-177,603
-171,-400,1089
-396,-796,1394
-406,-634,1439
-535,-810,1613
-480,-693,1472
-402,-679,1447
-410,-736,1330
-373,-593,1132
-357,-464,1007
-341,-275,750
-257,-384,625
-226,-142,517
-207,-33,462
-242,-279,501
-,-,-
-210,-152,892
-150,-87,949
-187,-85,939
-199,-140,933
-169,-142,802
-95,-101,767
-62,-111,646
-35,-125,599
15,-82,343
146,-205,384
-146,-529,843
-181,-193,642
-357,-421,1275
-470,-632,1449
-458,-503,1166
-359,-681,1519
-447,-523,1570
-414,-578,1437
-351,-683,1376
-402,-595,1230
-289,-320,845
-248,-527,808
-205,-349,628
-134,-166,509
-205,-326,527
-125,-154,388
-130,-93,439
-134,-107,369
-166,-46,441
-146,216,396
-158,-56,470
-41,-107,355
-152,-427,769
-208,-433,1003
-396,-875,1429
-460,-849,1451
-687,-146,2796
-748,-102,1240
-400,-556,1080
-375,-529,1052
-392,-626,1078
-433,-404,884
-380,-310,746
-304,-451,570
-205,-423,542
-197,-294,574
-193,-248,601
-210,-263,607
-197,-183,697
-,-,-
-195,-162,949
-205,-171,890
-187,-134,878
-181,-97,787
-183,-117,822
-205,-121,832
-158,-142,738
-115,-113,667
-83,-142,685
-82,-173,552
3,-175,494
33,-335,667
-87,-210,908
-136,-503,1232
-425,-533,1457
-476,-472,1431
-498,-517,1517
-476,-494,1447
-380,-423,1265
-275,-492,1128
-197,-328,951
-160,-509,851
-89,-326,757
-117,-222,611
-60,-298,505
-66,-208,517
-91,-140,435
-70,-214,369
-80,-199,373
-50,-82,351
-82,-126,308
-123,-242,589
-269,-277,876
-476,-626,1439
-673,-767,1515
-675,-767,1482
-617,-816,1437
-539,-650,1355
-500,-601,1281
-464,-521,1060
-429,-492,986
-414,-441,783
-308,-332,544
-259,-335,541
-251,-294,457
-228,-238,552
